0 123
0 143
1 3
1 99
1 111
2 4
2 133
2 23
2 108
2 193
3 5
3 48
4 126
4 128
5 7
5 111
5 80
6 7
6 81
6 62
7 9
7 184
8 123
8 78
9 46
9 187
10 11
10 106
10 17
11 13
11 49
12 13
12 14
12 34
13 14
13 15
13 38
13 170
13 175
14 16
14 28
15 16
15 17
16 17
16 18
16 104
17 19
17 87
17 53
18 19
18 30
19 20
19 77
19 189
20 21
20 119
21 22
21 125
21 147
21 100
21 117
22 23
22 24
23 24
24 26
24 104
24 131
25 26
25 27
25 52
26 27
26 28
26 158
26 182
27 29
27 121
27 65
27 129
28 30
28 82
28 199
28 66
29 30
29 31
30 31
30 47
30 143
31 33
31 73
31 36
32 116
32 36
32 103
33 34
33 160
33 192
33 191
34 83
34 107
34 192
35 36
35 37
37 39
37 71
37 122
37 140
38 39
38 72
38 194
39 40
39 41
39 192
40 41
40 199
41 43
41 162
41 42
42 137
43 98
43 99
43 61
43 145
44 46
44 152
45 46
45 62
45 125
46 63
46 84
47 49
48 50
48 156
48 112
49 51
49 178
50 52
50 142
51 52
51 53
51 126
52 53
53 55
53 141
53 180
54 56
54 133
54 79
55 96
55 159
55 147
56 57
56 58
56 181
57 58
57 59
58 59
58 183
58 198
59 112
59 135
60 61
60 62
61 62
63 64
63 65
63 114
64 65
64 167
65 66
65 75
66 102
66 98
67 68
67 85
68 178
68 199
69 155
69 143
70 71
70 193
71 84
71 172
72 73
72 99
73 74
73 75
73 199
74 75
74 76
75 198
76 77
76 78
77 79
78 80
78 135
79 81
80 81
80 154
81 83
81 189
82 84
82 139
82 119
83 84
83 190
84 86
84 130
84 113
85 86
85 87
85 156
86 87
86 158
87 88
87 105
87 167
88 89
88 128
88 154
89 91
89 144
89 93
89 153
89 107
90 91
90 92
90 105
91 92
91 93
91 136
91 190
92 93
92 191
92 140
92 152
93 95
94 95
94 149
95 96
95 128
95 177
96 97
96 98
97 98
97 99
97 148
98 99
99 100
99 137
100 101
100 135
101 102
101 103
101 168
101 188
102 103
102 185
103 104
103 105
104 174
105 117
106 108
106 151
108 163
109 110
109 111
109 174
109 187
110 111
110 112
111 113
112 114
113 181
113 133
114 116
114 118
115 116
115 117
115 143
116 117
116 118
116 155
118 120
119 121
120 122
120 145
120 139
121 123
121 130
121 134
121 173
122 124
123 124
123 169
123 146
123 168
124 125
124 126
125 169
125 198
125 179
126 141
126 186
127 128
127 132
128 130
129 130
129 150
130 132
130 155
131 133
132 133
132 134
133 134
134 136
134 176
135 136
136 138
137 138
138 139
138 140
138 179
139 174
139 196
140 141
141 143
142 143
142 144
143 144
143 167
144 174
144 192
145 146
145 183
146 147
146 178
147 148
148 150
149 150
149 151
150 151
150 181
151 153
152 153
153 158
155 156
156 178
157 159
157 195
158 160
159 160
159 161
160 162
160 176
161 162
161 166
162 163
162 164
163 164
163 182
164 165
164 166
165 166
165 167
166 167
166 168
167 168
169 171
170 191
171 173
171 194
172 173
172 174
173 175
174 176
175 176
177 179
177 193
178 179
180 181
182 184
183 184
184 185
184 186
185 186
185 187
186 187
187 194
188 189
189 190
189 191
190 191
193 194
194 195
195 196
195 197
196 197
197 198
197 199
198 199
