0 2
0 3
0 7
0 8
0 12
0 13
0 20
0 51
0 57
0 58
0 69
0 103
0 108
0 110
0 139
0 141
0 147
0 152
0 156
0 157
0 164
0 169
0 171
1 2
1 3
1 4
1 5
1 14
1 15
1 18
1 19
1 21
1 24
1 26
1 32
1 39
1 63
1 74
1 78
1 80
1 85
1 90
1 93
1 114
1 123
1 131
1 142
1 148
1 166
1 188
1 191
2 5
2 6
2 7
2 8
2 17
2 22
2 23
2 53
2 54
2 61
2 67
2 70
2 74
2 77
2 86
2 91
2 92
2 95
2 112
2 117
2 119
2 151
2 159
2 181
2 185
2 189
2 196
3 4
3 10
3 11
3 15
3 17
3 127
3 177
4 6
4 9
4 10
4 27
4 30
4 41
4 44
4 45
4 52
4 68
4 94
4 107
4 112
4 113
4 115
4 122
4 137
4 195
5 9
5 11
5 43
7 14
7 34
7 39
7 54
7 56
7 63
7 105
7 140
7 161
7 162
7 192
8 37
8 95
8 190
8 199
9 16
9 18
9 32
9 134
9 155
9 165
9 175
10 13
10 16
10 28
10 29
10 53
10 65
10 71
10 84
10 90
10 104
10 106
10 124
10 149
11 12
11 35
11 42
11 64
11 75
11 80
11 116
11 117
11 120
11 126
11 136
11 142
11 172
11 177
12 22
12 56
12 121
12 145
12 188
13 21
13 24
13 98
15 25
15 37
15 48
15 57
15 59
15 85
15 129
15 168
16 19
16 20
16 30
16 35
16 41
16 44
16 45
16 60
16 81
16 99
16 119
16 131
16 138
16 147
16 168
16 187
17 23
17 27
17 62
17 73
17 109
17 181
17 199
18 25
18 26
18 33
18 50
18 83
18 86
18 113
18 148
19 31
20 33
20 40
20 91
20 143
21 46
21 124
23 139
24 31
24 36
24 40
24 49
24 62
24 77
24 81
24 102
24 128
24 160
24 161
25 48
25 79
25 118
25 125
25 127
25 186
25 195
26 28
26 29
26 36
26 49
26 55
26 71
26 87
26 97
26 194
27 104
27 173
28 47
28 153
28 185
29 34
29 76
29 93
31 184
32 43
33 103
34 38
34 106
35 42
35 46
35 138
35 196
36 51
36 150
37 38
37 64
37 82
37 83
37 135
37 154
37 178
38 179
40 72
40 141
41 88
41 194
43 47
43 52
43 60
43 178
43 184
44 121
44 180
45 82
46 50
46 198
47 58
47 72
47 135
47 171
47 176
47 197
48 65
48 67
50 75
50 100
50 132
50 149
51 99
52 55
52 173
53 61
53 68
53 69
53 70
53 79
53 87
53 128
53 151
53 162
53 163
53 166
53 169
53 170
53 179
53 182
55 59
55 137
55 159
55 164
56 84
56 144
57 78
57 170
58 98
59 73
59 92
59 115
59 172
59 180
60 101
61 66
61 189
61 197
62 66
62 88
62 123
62 129
62 136
62 158
62 174
62 175
63 167
64 76
64 107
67 96
68 96
70 101
72 108
73 110
73 120
73 133
73 167
76 109
77 130
78 133
79 102
80 155
82 94
82 97
82 130
82 153
83 89
83 126
84 89
84 190
85 143
85 157
85 176
87 154
89 111
89 114
89 125
90 144
90 192
95 183
97 118
98 100
99 111
101 105
105 191
109 165
110 122
113 116
113 134
114 152
128 132
134 140
134 146
134 160
134 174
136 158
137 163
140 146
140 156
141 145
142 150
145 182
150 187
151 193
156 198
157 186
158 183
177 193
