1120 930
1089 658
1089 1088
1088 658
935 340
935 658
935 761
658 106
658 308
658 333
658 340
930 339
930 354
930 761
761 176
761 308
761 339
761 340
761 456
934 340
1132 1087
1087 658
1087 935
1087 987
987 401
987 658
987 699
987 935
340 31
340 51
340 52
340 135
340 228
340 237
340 241
340 268
340 339
1104 771
939 344
953 352
953 368
953 392
953 588
953 598
953 656
953 769
953 771
953 819
771 188
771 515
656 106
656 352
656 452
656 568
656 578
656 588
656 654
654 106
654 188
654 279
654 352
654 452
654 455
654 467
654 532
654 562
654 588
654 598
455 52
455 72
455 188
455 352
455 452
188 15
677 116
677 131
677 155
677 213
677 254
677 344
677 404
677 562
677 585
677 625
677 638
677 660
1130 1073
1073 588
1073 770
770 188
770 467
770 588
770 654
770 769
769 188
769 256
769 352
769 358
769 467
769 562
769 588
769 654
769 656
769 660
655 106
655 588
952 352
952 467
952 588
952 819
952 950
951 352
951 588
950 352
950 451
950 530
950 538
950 715
530 70
715 135
715 183
715 578
715 598
715 662
1091 664
664 106
664 660
588 81
588 82
588 106
588 137
588 188
588 241
588 243
588 269
588 352
588 378
588 445
588 452
588 455
588 467
588 562
562 76
562 188
562 316
562 352
562 500
562 507
819 237
819 467
819 588
819 770
819 772
772 188
772 451
772 588
772 654
772 660
467 54
467 73
467 76
467 106
467 135
467 188
467 352
467 372
467 378
352 38
352 76
344 38
344 49
344 116
344 155
344 181
344 339
660 106
660 188
660 233
660 257
660 344
660 352
660 368
660 423
660 455
660 467
660 501
660 549
660 562
660 564
660 568
660 588
660 649
660 654
1017 459
1122 960
1126 1001
1133 1096
1018 459
1019 459
1019 613
1019 1017
854 269
854 614
614 91
614 103
614 131
614 256
614 269
614 611
611 91
611 131
611 315
611 348
611 578
1068 578
1068 980
1068 1017
1068 1019
980 392
980 459
980 572
980 840
841 256
841 353
960 356
960 399
960 572
572 76
572 184
572 256
572 399
1048 498
1048 764
764 183
764 498
702 131
702 156
702 237
702 250
702 269
536 72
536 131
1049 499
1049 1001
1001 429
1001 458
1001 499
1001 611
1001 687
1096 701
701 131
701 269
701 399
701 459
701 499
842 256
842 459
659 106
659 256
659 268
659 379
659 425
659 572
659 578
703 131
703 687
704 131
704 373
704 454
704 661
704 687
256 21
256 59
256 91
840 256
840 391
840 399
840 425
840 458
840 459
840 700
840 701
700 131
700 183
700 459
700 498
700 585
700 614
499 59
499 256
499 430
499 483
499 498
498 59
131 11
131 94
459 52
459 137
459 450
450 51
399 42
399 45
399 46
399 202
399 228
399 246
399 270
399 346
399 354
399 356
830 243
852 267
955 354
813 233
813 239
851 267
851 416
851 573
851 710
736 145
736 185
736 341
736 371
736 505
735 145
735 152
740 152
739 147
739 152
727 143
727 351
722 140
767 185
767 268
767 354
767 365
767 367
767 395
732 144
732 710
737 146
737 149
737 152
737 621
737 636
737 723
723 141
723 142
723 143
723 152
741 152
741 157
741 505
741 559
741 598
741 603
559 75
559 144
559 152
559 185
720 140
720 147
720 354
720 557
557 75
557 152
557 267
556 75
556 144
556 267
733 144
733 710
1064 560
560 75
560 212
789 203
826 240
826 243
300 25
300 140
300 152
300 185
300 267
267 23
267 62
267 75
267 76
267 140
267 145
267 149
267 152
267 185
150 12
150 62
150 63
150 76
150 84
150 140
150 142
150 145
150 146
150 147
150 149
145 12
145 62
145 140
719 140
719 141
719 148
719 267
151 12
152 12
152 75
152 84
152 140
152 141
152 142
152 145
152 146
152 147
152 148
152 149
152 150
141 12
141 84
147 12
147 29
147 76
147 77
147 139
147 140
147 142
147 143
147 146
143 12
143 23
143 83
143 84
143 140
143 142
83 6
142 12
142 140
142 141
140 12
140 62
140 72
140 84
140 134
354 39
354 40
354 41
354 42
354 46
354 50
354 51
354 54
354 75
354 84
354 140
354 141
354 142
354 145
354 146
354 147
354 150
354 185
354 245
354 257
354 268
354 316
354 334
354 338
354 339
354 340
144 12
573 76
573 84
573 140
573 145
573 146
573 147
573 148
573 149
573 150
573 152
573 185
573 190
573 203
573 267
573 300
573 341
573 354
573 404
573 416
573 468
573 503
573 505
573 556
573 557
505 62
505 74
505 140
505 146
505 149
505 354
505 503
84 6
84 12
84 42
84 76
12 1
12 3
185 15
185 49
185 54
185 62
185 76
185 117
185 145
185 146
185 149
185 152
185 161
185 183
185 184
149 12
149 140
149 146
148 12
148 75
148 135
148 140
148 142
148 146
75 5
404 42
404 50
404 101
404 104
404 142
404 150
404 209
404 210
404 228
404 271
404 313
404 388
721 140
721 149
721 543
721 545
721 557
721 710
710 135
710 267
710 573
416 45
416 145
416 185
416 203
416 341
416 355
416 357
416 371
503 62
503 105
503 192
503 203
503 204
503 214
503 237
503 263
503 267
503 337
503 371
371 41
371 62
371 145
371 146
371 149
371 152
371 185
371 203
371 300
371 341
371 354
239 19
239 21
239 70
239 83
239 137
239 143
239 146
239 147
239 165
239 230
239 233
203 16
203 23
203 40
203 62
203 105
243 20
243 81
243 83
243 128
243 137
243 150
243 152
243 214
243 217
243 231
243 233
243 239
243 241
146 12
146 52
146 84
146 139
146 140
146 141
146 142
146 143
146 145
139 12
1077 598
1029 464
577 79
577 80
583 80
628 93
463 54
821 237
821 454
821 464
821 501
821 624
821 734
624 93
624 237
624 454
624 464
626 93
626 464
990 404
990 462
990 665
990 818
665 106
1028 462
708 134
708 454
708 598
589 82
589 187
625 93
625 183
625 454
625 464
1014 454
1014 636
1013 454
1013 464
1013 622
1012 454
882 297
882 377
882 441
882 566
621 93
621 454
621 598
621 603
621 604
604 89
604 90
604 183
604 454
604 578
570 76
570 523
635 98
639 103
639 186
1103 768
768 186
580 80
580 186
229 19
229 146
15 1
15 7
15 14
603 89
603 90
603 93
603 186
603 338
603 454
603 458
603 464
603 578
603 598
464 54
464 89
464 189
464 191
464 237
464 454
818 235
818 462
818 501
462 54
462 76
80 6
80 14
80 23
80 76
76 5
76 7
76 13
76 15
76 49
76 54
87 6
87 41
87 54
636 98
636 434
636 627
627 93
627 98
623 93
623 189
623 454
623 598
623 602
623 622
622 93
622 189
622 191
622 454
622 602
454 52
454 54
454 81
454 86
454 89
454 93
454 95
454 115
454 137
454 189
454 191
454 229
454 376
454 378
454 429
579 80
579 184
579 369
567 76
567 87
567 183
567 187
567 190
567 566
566 76
566 183
566 190
190 15
190 76
190 161
190 183
190 185
161 14
161 78
161 80
161 117
161 120
93 7
93 15
93 89
99 7
99 94
89 7
89 73
602 89
602 93
602 99
602 183
602 189
602 465
465 54
465 93
183 15
183 54
183 76
183 78
183 87
183 105
183 124
183 147
183 150
183 158
183 161
54 3
54 21
54 23
54 31
54 40
54 41
54 45
54 49
54 51
598 86
598 94
598 98
598 100
598 135
598 266
598 279
598 454
598 568
598 597
98 7
191 15
191 41
191 45
191 50
191 54
191 93
191 183
191 184
191 189
774 189
774 464
774 766
766 183
766 187
189 15
189 54
189 76
189 93
189 99
189 183
189 184
184 15
184 80
184 135
186 15
186 19
186 27
186 74
186 76
187 15
187 54
187 76
187 183
763 182
531 70
170 14
170 70
170 112
170 120
180 14
180 82
670 112
294 24
684 118
684 126
126 10
126 25
111 10
175 14
685 120
292 24
292 182
881 296
881 308
881 330
881 342
881 531
342 34
169 14
169 33
169 70
169 119
169 120
169 121
669 110
669 114
669 119
669 120
669 179
669 569
109 10
109 24
108 10
108 16
108 24
108 34
108 70
563 76
563 120
563 121
563 165
563 168
563 172
563 182
1055 532
690 124
492 58
492 70
492 166
575 78
123 10
123 14
123 16
705 134
705 194
705 237
705 351
705 409
705 415
705 532
174 14
174 24
174 120
174 121
174 165
182 14
182 23
182 24
182 28
182 34
182 52
182 70
182 82
182 107
182 110
182 120
182 125
182 128
182 137
182 166
182 176
182 177
181 14
181 78
181 112
181 113
181 120
181 176
82 6
82 19
82 70
70 4
70 10
70 19
70 24
70 27
70 34
114 10
114 112
112 10
112 14
112 24
112 58
24 1
24 2
24 9
24 10
24 13
24 14
24 16
24 17
569 76
569 110
569 114
569 117
569 119
569 120
569 124
569 185
569 546
171 14
10 1
10 2
10 7
10 9
296 24
296 48
296 108
296 182
532 70
532 110
532 113
532 117
532 120
532 167
532 168
532 182
532 218
532 227
532 237
532 280
532 316
532 333
532 335
532 355
532 367
532 518
280 23
280 28
280 70
280 112
280 179
179 14
179 112
179 114
179 120
34 2
34 3
34 6
34 10
34 14
34 15
34 16
34 17
34 24
34 28
34 30
34 33
633 94
633 143
633 163
633 233
633 237
633 243
633 389
631 94
631 237
173 14
173 164
760 163
177 14
297 24
297 120
297 131
297 162
297 165
297 172
172 14
172 120
172 121
172 165
178 14
178 30
178 120
178 121
178 166
124 10
124 14
124 15
124 24
124 54
124 58
124 76
124 110
124 113
124 117
124 119
119 10
119 24
119 76
119 110
119 117
117 10
117 70
117 76
117 110
117 114
110 10
110 14
110 24
168 14
168 15
168 24
168 112
168 113
168 120
168 121
168 164
168 165
168 166
166 14
166 120
166 121
166 165
113 10
113 78
113 82
78 5
14 1
14 13
176 14
176 24
176 78
176 80
176 82
176 113
176 120
176 124
176 162
234 19
234 82
234 131
234 133
234 182
120 10
120 19
120 24
120 33
120 78
120 80
120 108
120 112
120 113
120 117
33 2
33 14
33 15
33 16
33 24
237 19
237 38
237 82
237 94
237 145
237 155
237 167
237 168
237 182
237 196
167 14
167 24
167 112
167 117
167 164
167 165
165 14
165 112
165 120
165 121
165 164
164 14
163 14
163 112
163 113
163 120
163 121
121 10
121 24
121 78
1111 836
876 287
283 23
959 355
1110 836
867 277
873 287
1094 694
1115 874
874 287
874 355
874 489
874 495
966 367
956 355
674 115
674 224
1109 836
277 23
277 82
277 182
277 255
839 255
839 287
1095 699
1095 878
878 287
878 489
878 495
1046 489
1046 601
927 337
927 433
875 287
875 295
875 480
875 495
875 675
1092 671
880 290
880 668
880 837
877 287
877 297
1047 495
1047 675
838 255
838 290
838 355
838 367
838 837
837 255
837 290
693 125
693 135
693 290
693 355
693 367
1086 651
1086 693
651 105
651 503
897 304
964 367
689 122
689 273
689 489
689 495
862 273
673 115
673 329
836 255
836 271
836 451
836 468
836 470
836 518
836 671
295 24
295 287
287 24
287 25
287 52
287 74
287 115
287 122
287 125
287 182
287 255
17 1
489 58
489 163
489 195
489 255
489 287
489 333
489 344
489 355
489 367
489 468
195 16
686 122
686 284
686 581
581 80
581 329
581 400
581 543
581 545
543 73
543 122
543 284
543 329
543 331
543 332
543 333
543 335
543 356
543 384
543 410
543 420
543 429
543 433
688 122
688 214
688 300
688 367
688 452
48 3
48 41
48 46
337 31
337 42
337 47
337 333
778 195
778 337
778 671
671 112
671 195
671 280
671 290
671 355
671 578
668 107
668 115
668 290
668 355
668 495
290 24
290 122
225 17
225 115
879 287
879 367
879 699
694 125
694 195
694 255
694 277
694 280
694 290
694 355
694 489
694 495
694 668
694 675
694 689
675 115
675 195
675 224
675 367
675 480
675 489
255 21
255 23
255 58
255 115
255 125
255 195
255 233
125 10
495 58
495 70
495 223
495 224
495 283
495 290
495 295
495 316
495 355
495 367
495 489
687 122
687 156
687 199
687 250
687 306
687 351
687 367
687 433
687 434
687 453
687 532
687 543
687 555
687 588
433 47
433 252
433 329
433 331
433 337
329 31
329 54
329 122
329 125
329 140
329 185
329 284
329 304
329 311
329 312
304 27
367 40
367 48
367 50
367 52
367 115
367 125
367 135
367 183
367 241
367 250
367 255
367 287
367 355
122 10
284 23
284 92
284 105
284 200
284 213
284 250
284 265
355 39
355 40
355 41
355 42
355 45
355 70
355 112
355 122
355 142
355 224
355 237
355 255
355 271
355 273
355 283
355 290
355 329
273 23
224 17
224 115
224 192
115 10
115 17
115 24
1083 612
814 233
1082 612
1033 468
971 376
1081 612
969 376
969 634
984 395
984 661
609 90
609 370
609 421
734 144
734 376
1131 1080
751 158
925 334
925 598
970 376
825 239
825 657
825 707
825 814
985 396
985 608
985 612
985 634
985 924
812 233
812 239
812 718
812 754
718 136
718 260
718 313
718 508
754 158
754 661
754 753
753 158
753 378
753 395
713 135
713 378
1079 610
1079 1078
1078 610
1078 634
1078 793
1078 910
1078 1032
1078 1067
1078 1069
967 376
967 610
1016 458
1016 521
923 334
923 457
923 612
923 855
634 96
634 334
634 376
634 608
608 90
608 334
608 376
457 52
457 94
457 96
457 135
457 313
457 315
457 333
457 334
457 376
457 397
457 417
417 45
417 279
417 370
417 376
100 7
100 96
96 7
752 158
752 391
752 395
752 657
752 661
661 106
661 158
661 338
661 378
661 395
661 657
395 42
395 158
395 268
395 370
370 41
370 102
1105 793
1105 910
1105 1004
1105 1005
1105 1066
1105 1067
1105 1069
1105 1070
795 212
795 313
795 315
795 712
795 765
712 135
712 313
712 315
712 509
1070 578
1070 1005
1070 1067
1070 1069
755 158
755 260
755 418
755 508
755 706
750 158
750 271
750 356
750 358
750 378
750 417
1123 979
1123 997
997 423
979 391
979 496
979 498
979 657
496 59
975 378
975 691
975 770
949 350
249 21
872 279
872 370
872 376
872 417
872 606
872 609
872 630
872 634
872 750
606 90
606 94
606 135
606 376
394 42
394 135
845 260
1084 612
1084 661
1084 968
1084 1080
963 362
963 432
963 860
963 932
932 339
932 432
932 468
924 334
924 608
924 634
924 896
1050 504
1050 509
1050 711
1050 861
1050 988
1050 989
989 402
989 861
1099 714
835 251
835 391
1118 898
898 306
898 429
906 312
630 94
630 376
630 603
612 91
612 96
612 136
612 256
612 334
612 376
612 417
612 533
612 572
612 610
378 41
378 42
378 54
378 73
378 86
378 105
378 148
378 155
378 204
378 227
378 233
378 244
378 270
378 275
378 308
378 313
378 316
378 330
378 358
378 372
378 376
610 90
610 96
610 376
610 432
432 46
432 69
432 362
1069 578
1069 793
1069 907
1069 910
1069 1004
1069 1005
1069 1032
1069 1067
1032 468
1032 598
1067 578
1067 687
1067 793
1067 907
1067 910
1067 1004
1067 1005
1004 432
1004 907
1005 432
1005 793
1005 860
1005 907
1005 910
1005 932
1005 1004
910 313
793 212
793 213
793 738
738 147
860 271
860 312
860 432
860 555
860 561
900 306
900 711
900 899
899 306
899 311
861 271
861 333
861 711
711 135
711 137
711 186
711 233
711 252
711 269
711 313
711 330
711 350
711 359
711 466
711 521
521 69
521 359
521 470
521 509
359 40
359 183
911 313
911 907
907 312
907 432
907 860
907 891
524 69
524 135
29 1
334 31
334 41
334 231
334 254
846 260
846 340
846 392
846 395
846 657
846 812
421 45
421 376
421 397
397 42
397 135
397 313
397 376
948 350
909 313
135 11
135 23
135 41
135 44
135 52
135 99
135 104
135 117
135 131
135 134
260 21
260 41
260 73
260 81
1080 612
1080 968
968 376
968 403
968 612
102 8
158 13
988 402
988 714
988 861
714 135
657 106
657 268
657 391
657 402
657 452
391 42
391 106
391 158
391 375
391 378
905 312
905 332
905 356
905 402
402 42
402 52
402 355
311 29
311 135
311 306
311 310
310 29
306 27
306 82
306 233
306 239
306 240
306 249
306 252
468 55
468 75
468 101
468 105
468 116
468 130
468 208
468 303
468 315
468 337
468 355
468 356
468 367
468 397
468 403
468 434
468 446
468 457
468 467
312 29
312 140
312 310
312 311
376 41
376 73
376 94
376 96
376 137
376 234
376 266
376 334
350 38
350 313
350 345
345 38
315 29
315 313
313 29
313 39
313 132
313 136
313 140
313 142
1042 483
1101 757
858 270
1040 483
1025 460
1025 757
1027 460
1027 757
857 270
1022 460
1022 483
759 160
1129 1053
1102 765
582 80
582 101
1114 870
1021 460
717 136
1128 1023
1037 479
1037 480
1037 811
1037 849
1037 957
1007 447
1007 475
1007 554
1007 687
823 238
823 816
933 339
933 477
281 23
1107 824
856 270
1059 549
829 243
829 270
829 351
1008 451
1008 483
758 160
1053 523
1053 546
1053 765
1053 822
822 237
822 432
822 523
822 528
822 610
822 765
765 183
765 313
765 359
765 466
765 521
765 523
765 528
765 549
765 551
551 74
551 183
551 308
551 346
551 549
1038 481
1038 565
1038 706
1038 709
1038 870
1038 1035
870 278
870 333
870 351
870 476
870 484
870 824
870 868
1026 460
1026 487
1026 564
1026 757
1026 995
995 418
995 460
995 477
995 482
995 483
995 484
995 486
995 564
995 957
484 57
484 241
484 339
484 418
484 447
484 453
484 460
484 483
453 52
453 238
1020 460
1020 475
1020 477
1020 486
1020 757
576 79
576 136
576 339
1058 546
1058 819
1058 900
1121 931
1023 460
1023 486
1023 808
1023 923
869 278
869 483
869 554
869 564
869 854
869 855
869 868
871 278
871 484
871 855
871 870
855 269
855 603
849 264
849 301
849 475
849 479
849 482
849 554
849 564
849 709
849 816
482 57
482 301
482 447
447 51
447 73
447 238
447 264
447 422
264 23
816 233
816 270
816 447
816 549
816 565
816 709
565 76
565 133
565 136
565 287
565 339
565 486
565 554
486 57
486 419
486 460
486 477
486 483
486 484
477 57
477 65
477 447
477 460
1112 855
1112 868
1112 869
1112 995
1112 1045
1112 1098
1045 487
1045 757
1045 848
1045 1026
1098 706
1098 709
1098 847
1098 848
1098 849
1098 1035
1098 1039
1098 1043
1043 483
1043 706
1043 847
1043 849
1043 995
1043 1035
1043 1039
1036 477
1036 486
1036 824
1062 554
1062 598
1062 828
1062 928
828 242
1097 705
1097 808
1097 1024
1024 460
1024 484
716 136
716 256
1034 471
1034 513
1034 543
1034 808
1034 848
1090 663
1090 921
921 333
921 358
994 418
994 706
762 182
762 564
1044 487
478 57
815 233
815 270
682 117
682 136
528 69
528 73
528 226
528 523
226 18
544 73
544 362
928 339
928 554
1002 429
1002 460
1002 922
922 333
922 460
922 486
996 422
996 447
996 477
996 480
996 564
996 705
996 957
996 995
957 355
957 422
957 479
957 480
957 564
957 811
811 233
811 302
811 480
811 578
428 46
428 146
428 238
483 57
483 64
483 65
483 475
483 477
483 480
475 57
475 65
475 133
475 241
475 447
757 160
757 460
757 471
757 476
757 486
757 487
757 513
757 533
757 582
160 13
533 71
533 136
533 460
460 52
460 81
460 82
460 131
460 238
460 419
460 429
419 45
302 25
302 136
136 11
136 14
136 79
546 73
546 429
546 523
1011 452
1011 894
1011 931
931 339
831 243
831 532
831 549
868 278
868 427
868 482
868 554
868 564
868 824
868 855
824 238
824 278
824 422
824 447
824 554
824 564
824 565
848 264
848 278
848 419
848 460
848 471
848 486
848 513
848 564
848 757
848 808
808 228
808 419
808 471
808 513
808 564
808 757
554 74
554 81
554 101
554 137
554 278
554 339
554 351
554 422
554 429
554 460
554 475
554 479
554 481
278 23
278 51
513 65
513 238
513 333
513 419
513 460
513 471
513 486
471 56
471 460
301 25
301 82
1039 481
1039 706
1039 847
1039 1035
847 264
847 278
847 301
847 481
847 706
847 816
1035 475
1035 483
1035 709
1035 847
1035 849
1035 870
709 134
709 238
709 475
709 481
709 483
709 484
709 543
709 545
709 554
709 564
706 134
706 481
706 585
706 663
706 691
663 106
663 134
663 188
663 268
663 452
663 481
663 553
663 585
564 76
564 238
564 264
564 278
564 331
564 333
564 344
564 419
564 422
564 447
564 453
564 460
564 478
564 479
564 481
564 483
564 484
564 487
564 513
564 549
564 554
422 45
422 73
480 57
480 135
480 476
480 479
479 57
479 309
691 124
691 134
691 168
691 196
691 355
691 435
691 481
691 585
691 663
487 57
487 134
487 238
487 460
487 481
487 483
481 57
481 65
481 131
481 134
481 479
309 28
73 5
73 11
73 45
585 81
585 131
585 134
585 137
585 155
585 233
585 237
585 241
585 246
585 254
585 270
585 330
585 348
585 377
585 378
549 74
549 181
549 186
549 223
549 344
549 415
549 466
549 467
549 484
549 501
549 504
549 528
549 541
339 31
339 72
339 102
339 106
339 281
339 308
339 316
339 331
238 19
238 25
238 27
238 41
238 67
238 137
238 233
270 23
270 38
270 41
270 73
1076 593
1071 578
961 356
961 590
1100 724
1100 958
1124 981
1063 555
1063 958
1075 593
1075 748
937 341
937 410
937 736
1117 890
748 153
748 347
748 396
748 434
748 590
748 743
748 744
748 745
748 746
745 153
745 356
745 396
745 412
745 593
745 744
746 153
746 347
746 591
746 724
746 743
746 744
746 745
743 153
743 333
743 347
743 396
743 412
743 590
743 591
747 153
747 356
747 396
747 590
747 724
1116 884
977 382
936 341
936 382
936 784
936 889
936 896
983 393
983 413
983 585
983 730
983 894
983 895
983 920
983 976
983 981
993 410
993 434
974 378
974 731
991 407
986 396
986 724
986 958
1108 834
945 347
945 356
945 590
945 591
945 724
945 730
945 743
945 744
945 745
945 746
379 41
379 248
946 347
946 356
946 590
946 724
946 940
981 393
981 504
981 730
981 894
981 895
981 920
981 976
920 332
920 393
920 504
920 894
920 895
982 393
982 730
982 894
896 303
896 341
896 357
896 384
896 385
896 512
896 774
896 889
896 891
938 341
938 384
938 387
941 347
941 724
941 940
940 347
940 590
940 724
940 745
940 748
944 347
944 396
944 743
1051 512
1051 904
904 312
904 408
904 431
904 512
1113 859
1113 865
865 276
866 276
866 578
893 303
893 332
893 393
893 504
749 157
749 306
749 414
749 443
809 230
809 248
809 379
809 389
809 443
809 512
809 775
809 794
794 212
794 217
512 65
512 198
512 248
512 341
859 271
859 276
859 354
859 388
859 409
859 633
859 729
859 836
593 85
593 116
593 274
593 382
372 41
372 42
372 134
372 145
372 271
372 279
372 280
372 324
372 333
372 368
976 380
976 393
976 398
976 728
976 773
976 831
976 865
976 894
976 895
895 303
895 332
895 393
895 504
895 592
895 784
895 894
894 303
894 393
891 303
891 341
891 357
891 384
891 578
891 784
891 889
889 303
889 341
889 357
889 512
886 299
886 389
886 434
886 542
886 552
886 571
886 726
886 756
886 788
886 885
788 200
788 299
788 389
788 410
788 434
788 552
788 571
788 726
788 756
885 299
885 389
885 434
885 552
885 571
885 726
885 756
885 784
885 788
784 199
784 380
784 381
784 382
784 384
784 385
978 389
978 726
978 890
890 303
890 341
890 381
890 382
890 385
890 388
890 396
890 507
890 784
756 159
756 276
756 299
756 389
756 396
756 398
756 431
756 434
756 542
756 552
756 571
756 590
756 726
756 730
398 42
398 85
398 271
398 299
729 143
729 284
729 299
729 305
729 389
729 409
729 434
729 438
729 542
729 552
729 725
729 726
726 143
726 183
726 299
726 385
726 389
726 409
726 410
726 412
726 434
726 504
726 542
726 552
726 571
726 591
726 725
1003 431
1003 728
1003 731
1003 908
1003 992
992 407
992 512
992 728
992 731
992 908
892 303
892 341
892 381
892 384
892 393
892 396
892 409
892 410
892 431
892 504
431 46
431 135
431 243
431 299
431 332
431 389
431 409
431 410
908 312
908 336
908 341
908 408
908 427
908 512
908 719
908 833
908 904
578 80
578 105
578 142
578 150
578 185
578 188
578 189
578 211
578 218
578 227
578 242
578 327
578 341
578 353
578 382
578 384
578 403
578 454
578 521
578 524
578 562
578 564
356 39
356 42
356 72
356 153
356 271
356 337
356 347
356 354
356 355
153 12
153 13
153 84
271 23
271 42
271 50
271 101
271 112
271 164
271 200
271 228
44 3
44 23
44 42
884 298
884 299
884 341
884 383
884 389
884 413
884 429
884 434
884 552
884 688
884 692
884 775
571 76
571 299
571 341
571 389
571 396
571 434
571 552
552 74
552 299
552 356
552 381
552 389
552 396
552 407
552 411
552 412
552 413
552 434
552 438
552 468
552 504
552 542
412 44
412 153
412 332
412 396
434 48
434 159
434 239
434 271
434 284
434 299
434 332
434 333
434 389
434 396
434 402
434 404
434 409
434 410
434 414
159 13
383 42
383 44
383 303
383 332
383 337
383 357
383 381
383 382
382 42
382 274
382 303
382 341
382 380
382 381
381 42
381 82
381 143
381 183
381 303
381 332
381 333
381 380
341 32
341 44
341 62
341 76
341 183
341 267
341 303
413 44
413 52
413 73
413 137
413 143
413 276
413 309
413 341
413 378
413 381
413 389
413 410
413 412
410 44
410 143
410 227
410 299
410 333
410 356
410 389
410 396
410 407
410 409
389 42
389 185
389 299
389 332
389 341
389 356
389 378
731 143
731 406
731 408
731 450
731 728
728 143
407 44
407 332
407 356
407 384
407 406
406 44
943 347
943 396
943 412
730 143
730 299
730 332
730 372
730 381
730 386
730 393
730 407
730 500
730 504
730 552
730 590
730 633
730 725
888 299
888 389
888 434
888 542
888 552
888 571
888 726
888 756
888 788
888 885
888 886
888 887
887 299
887 389
887 434
887 552
887 571
887 726
887 756
887 788
887 885
887 886
958 355
958 388
958 396
958 398
958 724
958 942
942 347
942 398
942 507
942 941
834 248
834 443
834 512
834 555
834 775
834 809
834 833
833 248
833 379
833 388
833 504
833 512
833 542
833 555
833 775
833 809
775 192
775 193
775 198
775 217
775 230
775 248
775 331
775 407
775 408
775 420
775 429
775 443
775 512
775 555
775 650
775 697
775 704
775 756
591 84
591 142
591 143
591 153
591 239
591 243
591 276
591 284
591 332
591 356
591 381
591 387
591 388
591 409
591 590
388 42
388 83
388 276
387 42
387 135
387 144
387 303
387 380
387 381
387 382
387 383
387 384
387 385
387 386
386 42
386 44
386 299
386 303
386 332
386 381
386 382
386 383
386 384
386 385
380 42
380 303
380 341
303 25
303 42
303 49
303 128
303 243
744 153
744 356
744 590
744 591
744 724
724 142
724 183
724 332
724 356
724 389
724 396
724 412
724 413
724 434
724 504
724 590
724 591
504 62
504 74
504 135
504 140
504 142
504 143
504 239
504 243
504 299
504 332
504 381
504 383
504 386
504 393
504 396
504 434
504 443
443 50
443 137
443 142
443 230
443 240
443 248
443 298
443 393
403 42
403 376
393 42
393 58
393 183
393 276
393 284
393 299
393 303
393 305
393 332
393 341
393 381
393 384
393 385
385 42
385 303
385 341
385 380
385 381
385 382
385 384
384 42
384 183
384 303
384 329
384 331
384 333
384 341
384 381
384 382
384 383
357 39
357 341
357 355
773 189
773 411
773 649
590 83
590 143
590 153
590 233
590 239
590 298
590 299
590 347
590 356
590 412
590 413
590 552
347 38
540 72
540 150
540 285
540 411
540 434
540 507
411 44
411 143
411 407
411 409
411 410
409 44
409 299
409 316
409 337
409 384
409 408
408 44
408 406
408 407
299 25
299 140
299 143
299 276
276 23
276 143
332 31
332 39
332 41
332 42
332 44
332 48
332 56
332 84
332 120
332 135
332 137
332 140
332 142
332 143
332 146
332 157
332 203
332 243
332 299
332 329
414 44
414 46
414 105
414 186
414 276
414 293
414 300
414 356
555 74
555 124
555 221
555 248
555 312
248 21
248 52
248 192
248 240
248 245
42 3
42 23
42 39
42 40
396 42
396 72
396 76
396 90
396 140
396 143
396 147
396 153
396 187
396 243
396 299
396 315
396 332
396 388
396 389
542 72
542 284
542 299
542 329
542 389
542 396
542 410
542 434
494 58
493 58
37 2
1010 452
1010 467
1010 707
1010 836
1041 483
1041 491
1041 497
1041 607
490 58
490 67
490 170
883 298
883 586
1072 587
488 58
36 2
1015 458
947 349
1127 1009
820 237
1061 553
1061 568
519 67
1125 998
998 427
1000 427
526 69
613 91
613 230
1052 514
514 65
510 64
510 65
510 68
510 72
510 90
510 282
510 430
510 485
850 265
850 807
807 227
272 23
272 204
272 265
265 23
265 25
265 39
265 101
227 18
227 23
227 25
227 39
227 45
227 105
227 134
227 135
707 134
707 237
707 316
707 358
707 458
456 52
456 235
456 241
456 308
456 449
456 452
449 51
548 73
548 358
548 458
497 59
497 430
497 483
497 491
491 58
491 67
491 483
491 490
605 90
605 418
605 485
426 46
426 57
426 58
426 59
426 66
426 69
426 72
426 90
426 282
1065 561
1065 912
586 81
586 134
586 135
586 155
586 202
586 356
586 445
445 51
445 134
445 155
445 348
445 377
266 23
266 94
1066 561
1066 795
1066 902
1066 912
1054 527
1054 558
1054 561
1054 912
912 314
912 468
912 527
912 558
912 561
912 902
827 241
827 316
827 331
827 415
1031 466
1031 587
632 94
632 95
632 270
632 351
632 429
632 458
632 461
632 491
461 52
461 445
597 86
597 94
662 106
662 137
662 156
662 235
662 316
662 378
662 415
662 451
662 452
662 589
962 358
962 365
962 368
962 660
962 954
954 353
954 365
954 369
954 568
954 588
954 707
607 90
607 134
607 233
607 483
607 491
607 497
607 500
607 507
607 508
607 522
522 69
522 483
522 491
537 72
537 500
810 231
810 254
810 334
810 470
502 61
914 316
914 415
914 452
843 257
35 2
517 67
517 118
517 320
517 427
517 441
517 491
517 507
520 68
520 82
520 137
520 305
520 429
1030 466
444 50
444 69
444 70
444 91
444 233
444 237
444 240
444 282
444 440
444 443
539 72
539 443
539 500
1056 535
535 72
535 415
534 72
534 233
534 308
1057 538
538 72
538 106
538 353
538 372
538 392
538 415
538 451
1009 452
1009 456
1009 462
1009 541
1009 555
1009 990
541 72
541 235
541 308
541 344
652 106
652 415
652 452
448 51
448 134
448 445
232 19
232 27
424 45
817 234
817 308
817 425
817 429
817 456
853 268
853 553
853 653
853 659
853 691
853 707
853 820
653 106
1060 553
1060 660
864 275
864 368
864 427
929 339
929 368
929 425
929 853
913 316
1119 919
919 330
919 429
903 310
903 529
903 558
903 795
485 57
485 60
485 61
485 64
485 65
485 67
485 68
485 90
485 282
485 285
485 430
485 476
60 4
60 25
430 46
430 59
430 65
430 67
430 68
430 90
430 282
430 425
425 45
425 106
425 210
425 268
425 308
425 358
516 67
97 7
97 23
615 91
999 427
999 507
525 69
525 506
373 41
373 46
373 57
373 58
373 62
373 68
373 72
373 243
405 43
405 81
405 82
405 240
240 19
240 23
240 39
240 43
240 134
240 138
240 230
240 231
240 233
231 19
231 38
231 57
231 94
231 128
231 182
230 19
230 23
230 27
230 43
230 137
230 138
138 11
138 137
68 4
68 46
68 61
68 64
68 65
65 4
65 57
65 64
39 3
39 18
39 21
39 23
39 25
358 39
358 41
358 106
358 268
358 308
358 316
358 354
308 28
308 34
308 81
308 296
308 305
282 23
282 43
282 46
282 57
282 58
282 59
282 64
282 65
282 66
282 67
282 68
282 72
282 90
282 133
282 233
90 7
90 64
90 65
90 68
90 69
62 4
62 25
62 41
62 46
62 57
62 58
62 59
59 4
59 21
59 46
59 57
59 58
902 310
902 314
902 392
902 527
902 558
902 561
558 75
558 314
558 333
558 468
558 527
558 529
558 543
529 69
529 521
529 527
527 69
527 314
561 75
509 63
509 69
509 427
509 506
509 507
509 508
506 63
506 64
506 69
506 285
506 500
511 65
511 68
511 71
511 72
511 508
508 63
508 71
508 285
508 427
508 476
508 485
508 500
23 1
23 3
23 15
23 18
23 21
418 45
418 134
418 155
418 242
418 260
418 346
418 391
242 20
314 29
314 39
314 42
314 50
314 134
314 140
314 147
314 181
314 228
314 271
314 311
392 42
392 56
392 241
392 248
392 271
392 280
392 300
392 353
392 355
392 356
392 368
353 38
353 41
353 51
353 72
353 275
269 23
269 43
269 49
269 51
269 52
269 76
269 80
269 82
269 91
269 116
269 137
269 156
269 184
269 196
269 237
269 241
269 254
269 256
241 20
241 31
241 38
241 46
241 49
241 50
241 52
241 81
241 94
241 145
241 150
241 151
241 182
241 228
587 81
587 338
338 31
338 42
338 50
338 51
338 134
338 254
94 7
94 41
94 81
94 82
94 86
86 6
86 19
86 27
228 18
228 20
228 50
228 52
228 81
81 6
81 20
81 46
81 50
81 52
50 3
50 20
50 21
50 23
50 39
50 41
50 42
50 45
52 3
52 39
52 44
52 46
52 50
134 11
134 23
134 41
134 42
134 71
134 74
134 81
134 87
134 106
134 113
134 131
134 133
133 11
133 45
133 52
133 56
133 73
133 79
133 117
268 23
268 40
268 54
268 72
268 106
268 156
156 13
155 13
155 81
155 131
155 134
155 135
500 61
500 68
500 69
500 72
500 285
500 427
500 430
500 451
500 470
285 24
285 72
285 90
64 4
64 46
64 57
64 58
64 59
64 61
64 62
61 4
95 7
95 27
95 86
32 2
32 22
515 66
515 316
515 358
515 452
515 455
452 52
452 81
452 106
452 137
452 235
452 241
452 243
452 268
452 308
452 358
452 369
452 415
844 257
844 308
844 351
844 579
369 41
369 72
369 91
369 257
369 268
369 358
369 365
369 368
365 40
365 52
365 268
365 340
365 354
257 21
257 51
257 235
235 19
235 27
235 41
235 233
28 1
28 3
28 6
28 7
28 8
28 13
26 1
26 18
26 25
507 63
507 72
507 90
507 147
507 415
507 427
507 451
507 500
451 51
451 275
451 279
451 445
71 4
71 46
71 59
71 62
71 63
71 66
63 4
63 62
458 52
458 106
458 235
458 257
458 260
458 275
458 276
458 308
458 314
458 391
137 11
137 19
137 94
137 106
137 125
137 128
137 131
106 9
106 13
106 20
106 41
523 69
523 314
523 349
523 362
523 418
523 466
349 38
349 45
349 69
349 140
349 316
466 54
466 69
466 74
466 76
466 187
466 241
466 314
466 333
466 344
466 362
466 396
72 4
72 46
72 53
72 57
72 58
72 59
72 62
72 64
72 66
72 69
53 3
415 45
415 106
415 155
415 235
415 241
415 268
415 275
415 279
415 316
415 329
415 344
415 354
415 368
51 3
51 38
51 41
38 2
38 18
38 19
38 22
38 23
38 27
27 1
27 3
27 6
27 11
27 18
27 19
27 22
22 1
22 2
22 3
22 4
22 6
22 7
22 8
22 9
22 11
22 13
22 18
22 20
8 1
8 2
8 3
8 6
18 1
18 2
18 3
18 6
18 11
18 13
11 1
11 2
11 3
11 4
423 45
423 72
423 257
423 331
254 21
254 38
254 52
254 74
254 134
254 231
254 233
45 3
45 11
45 13
45 23
45 31
45 39
45 42
429 46
429 71
429 86
429 122
429 125
429 128
429 186
429 214
429 250
429 284
429 298
429 299
429 321
429 338
429 373
429 376
429 377
429 405
298 25
298 230
568 76
568 94
568 135
568 235
568 257
568 268
568 279
568 322
568 344
568 353
568 415
568 445
568 549
568 553
568 562
553 74
553 76
279 23
279 275
275 23
275 27
275 38
275 82
368 41
368 50
368 51
368 66
368 134
368 227
368 262
368 268
368 316
368 334
368 339
368 346
368 351
368 354
316 29
316 52
316 54
316 66
316 76
316 146
316 191
316 237
316 241
316 257
316 268
316 299
346 38
346 54
346 155
346 231
346 254
346 287
67 4
67 58
67 62
13 1
13 2
13 3
13 5
13 6
13 7
13 9
7 1
7 2
7 3
7 6
6 1
6 2
6 3
6 5
4 1
4 2
4 3
3 1
3 2
233 19
233 20
233 28
233 38
233 70
233 71
233 74
233 76
233 82
233 86
233 91
233 94
233 120
233 137
233 201
233 204
233 210
233 230
91 7
91 21
20 1
20 2
20 3
20 11
20 19
19 1
19 2
19 3
19 7
19 11
19 18
476 57
476 62
476 63
476 65
476 427
427 46
427 63
427 71
427 90
427 282
69 4
69 13
69 46
69 57
69 58
69 59
69 64
69 66
69 68
66 4
66 46
66 57
66 58
66 59
66 62
46 3
46 4
46 21
46 23
46 39
46 40
46 41
46 43
43 3
43 20
43 23
43 39
58 4
58 24
58 40
58 46
58 57
57 4
57 46
362 40
362 45
362 52
362 69
362 137
362 146
362 155
362 246
362 268
362 340
362 349
25 1
25 11
25 18
25 21
25 23
2 1
351 38
351 46
351 52
351 58
351 72
351 94
351 134
351 163
351 270
637 101
644 105
261 21
619 92
1074 592
801 219
801 698
667 107
782 197
916 321
918 326
253 21
618 92
779 196
832 244
973 377
1006 439
805 223
679 116
804 222
776 192
776 240
797 213
797 698
324 30
324 50
324 55
324 128
324 227
324 321
374 41
780 196
780 197
780 198
780 199
780 215
780 216
780 218
780 221
780 289
780 317
780 327
780 584
780 599
442 49
442 321
442 322
783 198
783 205
783 293
783 647
783 649
783 703
783 744
293 24
293 40
293 49
293 56
293 128
293 194
293 201
293 204
293 214
293 217
293 259
437 49
437 56
437 105
437 130
437 213
437 251
437 274
790 204
790 219
790 697
790 698
697 128
697 320
697 321
697 323
697 403
791 204
550 74
323 30
323 77
323 192
323 203
323 277
323 320
323 321
792 205
792 208
792 211
792 212
792 219
792 648
648 105
648 116
648 127
648 205
648 208
648 378
648 594
638 101
638 132
638 186
638 338
638 466
638 501
638 586
348 38
348 202
348 258
348 315
236 19
236 105
1085 617
617 92
617 132
617 200
617 543
646 105
646 200
646 408
646 641
796 213
796 361
796 384
470 56
470 61
470 68
470 116
470 132
470 200
470 244
470 274
470 333
470 356
470 367
470 467
800 219
683 118
683 629
863 274
681 116
681 326
901 307
616 92
777 194
777 196
318 30
965 367
965 468
965 600
965 742
600 88
600 193
600 518
600 594
742 152
742 185
742 222
742 596
742 600
596 85
596 105
596 200
596 208
596 209
692 125
692 149
692 200
692 214
692 219
692 233
692 321
692 687
926 335
926 799
799 218
672 113
672 130
672 210
672 259
672 367
547 73
547 132
547 291
972 377
440 49
440 240
666 107
666 259
666 324
666 355
678 116
678 196
678 223
785 199
645 105
645 200
645 641
645 643
643 105
643 129
643 200
643 501
643 641
643 642
642 105
642 116
642 198
642 200
642 210
642 215
642 216
642 641
641 105
641 129
641 200
641 333
641 446
641 545
676 116
676 210
676 305
803 222
1093 680
680 116
680 128
680 211
680 532
781 196
781 211
781 289
781 390
798 216
798 401
798 725
288 24
288 192
288 263
474 56
474 201
474 202
474 213
698 130
698 192
698 198
698 205
698 207
698 210
698 211
698 212
698 215
698 219
698 343
698 401
698 441
698 512
698 650
698 687
107 9
107 14
107 21
107 39
107 58
41 3
41 9
41 19
41 20
41 21
41 39
197 16
197 78
197 162
197 176
197 181
197 196
321 30
321 49
321 105
321 128
321 137
321 202
321 252
321 317
321 320
317 30
317 49
317 55
317 129
317 194
317 196
56 3
56 16
56 40
56 49
56 51
56 55
55 3
55 21
55 34
55 40
55 49
204 16
204 81
204 88
204 105
204 116
204 193
204 194
204 196
204 197
204 198
193 16
193 85
193 88
101 8
101 74
74 5
695 127
695 196
695 198
695 206
695 219
695 274
695 446
695 593
695 594
695 648
469 55
469 118
469 336
336 31
336 40
336 79
336 201
336 205
336 291
336 322
336 331
336 333
501 61
501 104
501 132
501 171
501 217
501 244
501 273
501 353
501 355
501 438
501 470
438 49
438 201
438 204
438 214
438 305
438 307
438 314
438 322
335 31
335 42
335 52
335 56
335 105
335 157
335 201
335 202
335 204
335 218
335 245
335 251
335 329
335 333
333 31
333 42
333 45
333 50
333 52
333 54
333 78
333 81
333 104
333 105
333 112
333 140
333 157
333 196
333 200
333 251
333 255
333 259
333 271
333 276
333 299
333 329
333 331
331 31
331 54
331 105
331 122
331 132
331 145
331 185
331 248
331 251
331 301
331 329
105 9
105 16
105 21
105 39
105 40
105 42
105 49
105 51
105 55
105 56
105 76
105 79
105 80
105 104
79 5
79 49
16 1
16 2
16 3
16 6
16 7
16 9
16 10
16 13
16 14
200 16
200 30
200 105
200 107
200 129
129 10
129 16
129 105
420 45
420 57
420 73
420 77
420 105
420 137
420 251
420 259
420 284
420 329
420 331
420 333
420 335
213 16
213 49
213 56
213 105
213 116
213 133
213 136
213 204
213 206
213 207
213 212
595 85
595 219
595 327
595 571
595 592
594 85
594 88
594 127
594 193
594 198
594 204
594 205
594 215
594 222
594 274
594 446
594 518
594 592
446 51
446 105
446 116
446 127
446 133
446 192
446 193
446 196
446 204
446 205
446 206
446 208
446 210
446 263
446 274
446 291
446 322
446 343
446 390
400 42
400 79
400 80
400 105
400 194
400 206
400 210
400 322
400 343
400 361
343 34
343 208
219 16
219 69
219 85
219 88
219 127
219 193
219 198
219 200
219 205
219 208
219 211
219 212
219 215
219 216
208 16
208 127
208 205
364 40
364 56
364 144
364 148
364 185
364 196
364 207
364 213
364 333
364 341
640 104
640 218
640 323
640 440
640 629
629 93
629 118
629 198
629 207
629 218
629 326
629 327
327 30
327 49
327 56
327 85
327 104
327 130
327 162
327 176
327 196
327 197
327 198
327 206
327 207
327 212
327 274
327 289
274 23
274 49
274 80
274 105
274 116
274 127
274 128
274 196
274 201
274 204
274 205
274 208
274 210
274 214
274 218
326 30
326 320
326 323
320 30
435 49
435 116
435 128
435 307
435 321
307 27
307 105
307 116
307 213
307 265
307 305
305 27
305 116
305 128
305 233
305 235
305 237
305 259
518 67
518 85
518 88
518 193
518 215
518 227
286 24
286 58
286 67
286 199
286 213
366 40
366 51
366 213
366 350
787 200
787 647
787 725
915 319
915 322
915 446
319 30
917 322
806 224
806 225
806 441
806 495
806 584
806 699
699 130
699 162
699 297
699 401
699 441
699 584
786 199
786 215
786 216
786 221
786 289
786 363
786 390
786 596
786 599
786 647
786 695
786 780
786 783
647 105
647 127
647 198
647 200
647 221
601 88
601 193
601 518
601 594
601 599
599 88
599 193
599 196
599 216
599 218
599 221
599 317
599 518
599 594
584 80
584 161
584 162
584 171
584 176
584 177
584 198
584 289
584 297
584 327
584 390
584 401
584 441
390 42
390 49
390 56
390 105
390 116
390 176
390 194
390 196
390 197
390 204
390 205
390 207
390 216
390 220
390 274
390 322
390 327
390 333
390 378
220 16
220 176
220 196
220 197
441 49
441 118
441 198
441 212
441 297
441 363
441 401
363 40
363 49
363 193
363 199
363 215
363 218
363 221
363 321
363 325
363 328
247 21
247 41
620 92
620 270
620 336
574 77
574 92
574 333
574 400
574 420
473 56
473 196
473 207
1106 802
802 220
802 390
802 401
802 433
436 49
436 361
436 401
401 42
401 80
401 85
401 130
401 162
401 193
401 198
401 205
401 211
401 212
401 215
401 219
401 289
401 327
118 10
118 93
218 16
218 30
218 104
218 105
218 154
218 196
218 199
218 201
218 204
218 209
218 215
218 216
154 13
154 104
209 16
209 204
194 16
194 30
194 41
194 56
194 74
194 80
194 116
194 128
194 130
130 10
130 85
128 10
128 49
128 52
128 55
128 56
128 74
128 79
128 85
128 101
128 104
128 105
128 107
128 116
85 6
85 80
104 9
104 21
104 31
104 42
104 47
47 3
47 21
47 40
47 41
696 127
696 216
696 219
696 472
696 650
696 695
472 56
472 105
472 196
472 204
472 212
472 213
472 219
472 259
472 360
472 364
650 105
650 201
650 214
650 219
650 335
650 439
650 592
244 20
244 61
244 132
244 178
132 11
132 61
132 101
377 41
377 134
377 155
377 262
545 73
545 105
545 122
545 135
545 200
545 217
545 300
545 333
545 339
545 403
545 465
545 471
439 49
439 58
439 105
439 116
439 128
439 194
439 196
439 206
439 210
439 216
439 218
439 233
439 263
439 274
439 303
439 322
439 393
439 437
649 105
649 127
649 140
649 142
649 158
649 194
649 199
649 468
259 21
259 31
259 45
259 50
259 55
259 88
259 92
259 105
259 132
259 200
259 254
31 1
223 17
223 21
262 23
262 41
258 21
258 201
258 202
258 251
251 21
251 31
251 45
251 56
251 105
251 202
251 204
375 41
375 155
375 330
375 346
330 31
330 38
330 70
330 131
330 239
330 305
246 21
246 23
246 39
246 41
246 46
246 103
246 157
246 245
103 9
103 21
103 41
157 13
157 21
157 31
157 40
157 42
157 52
157 92
215 16
215 85
215 116
215 193
215 198
215 199
215 205
215 206
215 209
215 211
215 212
199 16
199 127
127 10
127 16
127 80
127 116
116 10
116 24
116 49
116 80
116 105
592 85
592 193
592 215
592 219
592 222
592 291
592 327
592 518
592 555
222 16
222 85
222 193
222 198
222 205
222 206
222 212
222 215
222 219
252 21
252 107
252 122
252 250
250 21
250 39
250 41
250 245
250 246
245 21
245 31
245 39
245 41
245 42
245 50
9 1
9 2
9 3
9 7
5 1
328 30
328 49
328 85
328 193
328 204
328 212
328 325
325 30
325 49
325 128
325 194
325 201
325 321
325 322
325 324
212 16
212 56
212 85
212 193
212 196
212 197
212 198
212 205
212 207
212 208
212 211
207 16
207 56
207 128
207 196
207 198
207 204
207 205
289 24
289 56
289 116
289 128
289 196
289 197
289 199
289 205
289 211
289 215
289 216
289 219
289 221
289 286
211 16
211 30
211 204
211 205
263 23
263 24
263 107
263 194
263 196
263 203
263 204
263 206
263 214
361 40
361 49
361 80
361 105
361 166
361 193
361 194
361 196
361 201
361 204
361 206
361 210
361 214
361 360
360 40
360 55
360 56
214 16
214 21
214 56
214 105
214 116
214 137
214 196
214 202
214 204
214 206
214 210
210 16
210 21
210 41
210 56
210 105
210 116
210 194
210 196
210 204
210 205
210 206
221 16
221 199
221 215
221 216
221 217
216 16
216 105
216 199
216 204
216 205
216 207
216 212
216 215
205 16
205 85
205 105
205 116
205 118
205 130
205 198
205 200
205 204
198 16
198 85
198 88
198 105
198 116
198 162
198 176
162 14
162 78
162 113
217 16
217 105
217 107
217 128
217 204
217 205
206 16
206 21
206 49
206 58
206 74
206 105
206 107
206 116
206 128
206 148
206 184
206 192
206 198
206 201
206 203
192 16
192 58
202 16
202 31
202 49
202 56
202 105
202 201
201 16
201 30
201 49
201 55
201 56
201 79
201 82
201 92
201 104
201 105
201 116
201 128
201 196
40 3
40 21
725 143
725 199
725 219
725 284
725 291
725 299
725 356
725 390
725 408
725 438
725 542
725 552
725 591
725 592
725 595
725 600
322 30
322 49
322 79
322 163
322 164
322 168
322 206
322 210
322 291
322 303
322 317
322 321
291 24
291 85
291 105
291 201
291 203
291 204
291 205
21 1
21 3
21 9
21 18
92 7
92 49
92 88
88 7
196 16
196 23
196 30
196 56
196 74
196 77
196 101
196 105
196 107
196 128
196 135
196 162
196 176
196 193
196 194
77 5
77 16
77 56
49 3
49 30
49 40
30 1
30 9
30 10
30 16
30 24
