1 2
1 3
1 4
1 5
1 16
1 44
1 113
1 131
1 250
1 259
2 3
4 5
4 13
4 14
4 15
4 16
4 44
4 45
4 46
4 47
4 61
4 126
4 127
4 128
4 146
4 152
4 153
4 154
4 164
4 165
4 166
4 176
4 177
4 249
4 250
4 274
4 313
4 314
4 323
4 324
4 330
4 371
4 373
4 374
5 15
5 16
5 44
5 45
5 46
5 47
5 176
5 177
5 199
5 201
5 202
5 204
5 231
5 235
5 236
5 237
5 238
5 249
5 250
5 254
5 298
5 313
5 314
5 373
5 374
6 7
6 8
7 8
7 190
7 191
7 192
7 193
8 26
8 62
8 63
8 64
8 65
8 137
8 189
8 342
8 343
8 344
9 10
9 11
9 12
10 11
10 12
10 67
10 68
10 69
11 12
13 14
13 15
13 16
13 17
13 18
13 19
13 20
13 274
14 15
14 16
15 16
15 45
15 46
15 47
15 176
15 177
15 278
15 279
15 334
15 366
15 367
15 368
16 45
16 46
16 47
16 153
16 154
16 176
16 177
16 249
16 250
16 313
16 314
16 323
16 324
16 371
16 373
17 18
17 29
17 58
17 172
17 201
17 258
17 261
17 365
18 58
18 172
18 201
18 258
18 261
18 365
19 20
19 208
21 22
21 23
21 24
21 33
21 109
21 220
21 221
21 232
21 233
21 268
21 287
21 288
22 23
22 24
23 24
23 50
23 51
23 52
23 54
23 55
23 220
23 227
23 228
24 79
24 140
24 220
24 229
24 232
24 233
24 268
25 26
25 27
25 28
26 27
26 28
26 40
26 95
26 104
26 105
26 106
26 107
26 108
26 124
26 125
26 155
26 197
26 198
26 231
26 234
26 251
26 273
26 295
26 296
26 297
26 306
26 315
26 316
26 317
27 28
30 31
30 32
30 33
30 34
30 35
30 36
30 51
30 76
30 219
31 32
31 33
31 34
32 33
32 34
32 35
32 36
32 51
32 76
32 216
32 217
32 218
32 219
32 307
32 369
32 370
33 34
33 35
33 36
33 109
33 219
33 220
33 221
35 36
35 219
37 38
38 304
38 305
39 40
40 173
40 174
40 175
40 239
40 240
40 282
40 326
41 42
41 43
41 241
41 242
41 243
41 244
42 43
42 52
42 170
42 241
42 242
42 243
42 244
42 275
42 276
42 277
42 364
43 275
43 276
43 277
44 66
45 46
45 47
45 176
45 177
45 323
45 324
46 47
46 176
46 177
47 176
47 177
48 49
49 67
49 74
49 181
49 182
49 183
49 226
50 51
50 52
50 53
51 52
51 76
51 95
51 100
51 160
51 169
51 170
51 307
51 308
51 322
51 337
52 76
52 100
52 116
52 117
52 169
52 170
52 266
52 267
52 291
52 364
53 170
54 55
56 57
56 100
56 110
56 194
56 195
58 59
58 60
59 60
60 304
60 357
60 358
60 359
61 164
61 165
61 166
62 63
62 64
62 65
63 64
65 264
65 265
65 299
65 300
65 301
65 302
65 345
65 346
66 100
66 101
66 102
66 110
66 111
67 68
67 69
67 70
67 71
67 72
67 73
67 74
67 75
67 80
67 81
67 121
67 122
67 123
67 169
67 248
67 285
67 363
68 69
68 80
68 81
69 70
69 71
69 75
69 80
69 81
69 285
70 71
70 72
70 73
70 75
70 119
70 150
70 214
70 303
70 328
70 329
70 348
70 349
70 350
70 351
70 378
70 379
71 72
71 73
71 75
72 73
72 119
72 303
73 150
75 285
76 169
76 170
77 78
77 79
78 79
80 81
81 121
81 122
81 123
82 83
82 84
82 85
82 86
82 87
82 88
82 89
83 84
83 85
83 86
83 87
83 88
83 89
83 262
83 263
84 85
84 86
84 87
84 88
84 89
85 86
85 87
85 88
85 89
85 106
85 260
85 262
85 263
86 87
86 88
86 89
86 106
86 260
86 262
86 263
87 88
87 89
88 89
88 106
88 260
88 262
88 263
90 91
90 92
91 92
91 130
91 131
91 132
91 133
91 134
91 188
92 130
92 131
92 132
92 133
92 134
92 188
93 94
93 95
93 96
93 97
93 98
93 99
94 95
94 96
94 97
94 98
94 99
95 96
95 97
95 98
95 99
95 178
95 179
95 180
95 286
95 308
95 337
95 338
95 339
95 362
96 97
96 98
96 99
96 141
97 98
97 99
97 178
97 362
98 99
100 101
100 102
100 103
100 110
100 111
100 145
100 194
100 195
101 102
101 103
101 311
102 159
102 280
102 360
102 361
104 105
104 106
104 107
104 108
105 106
105 107
106 107
106 185
106 260
107 108
107 283
107 284
107 372
108 125
108 155
108 156
108 158
110 111
110 194
110 195
112 113
112 114
112 115
113 114
113 115
113 131
113 135
113 136
113 189
113 259
113 312
113 352
113 353
113 354
113 355
113 356
114 115
114 131
114 135
114 312
115 172
115 347
116 117
116 318
116 319
116 320
116 321
118 119
118 120
118 209
119 120
119 214
119 303
119 348
119 349
119 350
119 351
121 122
121 123
122 123
122 169
122 248
124 125
125 234
125 255
125 256
126 127
126 128
126 129
126 327
126 330
127 128
127 129
127 327
127 330
128 129
128 327
128 330
128 340
128 341
130 131
130 132
130 133
130 134
131 132
131 133
131 134
131 135
131 136
131 259
132 133
132 134
132 188
133 134
135 189
135 352
135 353
135 354
135 355
135 356
137 138
137 342
137 343
139 140
140 206
140 207
140 229
140 230
142 143
142 144
142 145
143 144
143 145
144 145
145 194
146 147
146 148
147 148
149 150
149 151
149 270
149 293
150 151
150 270
150 271
150 293
150 294
153 154
155 156
155 157
155 158
160 161
160 162
160 163
160 322
161 162
162 163
164 165
164 166
165 166
167 168
167 169
167 170
168 169
168 170
168 205
169 170
169 205
169 248
169 289
169 290
169 291
169 292
170 266
170 267
170 336
170 364
171 172
172 325
172 347
173 174
173 175
174 175
175 282
176 177
178 179
178 180
181 182
181 183
182 183
183 226
184 185
184 186
184 187
184 309
184 310
185 186
185 187
185 309
185 310
186 187
186 309
186 310
190 191
190 192
190 193
192 193
194 195
194 196
198 251
199 200
199 201
199 202
199 203
199 204
199 258
200 201
200 202
201 202
201 203
201 204
201 245
201 252
201 253
201 254
201 258
201 298
202 203
202 204
202 258
204 245
204 298
206 207
207 375
207 376
207 377
210 211
210 212
210 213
210 214
210 215
211 212
211 213
211 214
211 215
212 213
212 214
212 215
212 222
212 223
212 224
212 225
213 214
213 215
214 215
214 303
214 348
214 349
214 350
214 351
216 217
216 218
217 218
220 221
222 223
222 224
222 225
223 224
223 225
224 225
227 228
231 232
231 233
231 234
231 235
231 236
231 237
231 238
231 239
231 240
231 246
231 257
231 297
232 233
232 268
233 268
236 237
236 238
236 239
236 240
236 245
236 246
236 247
236 257
237 238
239 240
239 246
239 257
239 326
240 246
240 257
240 326
241 242
241 243
241 244
242 243
242 244
243 244
245 246
245 247
245 298
246 247
246 257
250 313
250 314
252 253
255 256
262 263
264 265
265 299
265 300
265 301
265 302
266 267
269 270
269 271
269 272
270 271
270 272
270 293
270 294
271 294
275 276
275 277
276 277
278 279
280 281
280 360
280 361
283 284
287 288
289 290
290 291
290 292
295 296
299 300
299 301
299 302
300 301
303 328
303 329
303 348
303 349
303 350
303 351
303 378
303 379
304 305
304 357
304 358
304 359
308 337
309 310
313 314
315 316
315 317
316 317
318 319
318 320
318 321
319 320
319 321
320 321
323 324
328 329
331 332
331 333
331 334
331 335
332 333
332 334
332 335
333 334
333 335
334 335
334 366
334 367
334 368
338 339
340 341
342 343
345 346
348 349
348 350
348 351
349 350
349 351
350 351
352 353
352 354
352 355
352 356
353 354
353 355
353 356
354 355
354 356
355 356
357 358
357 359
358 359
360 361
366 367
366 368
367 368
369 370
373 374
375 376
375 377
376 377
378 379
