0 1
0 2
0 3
0 4
0 15
0 43
0 112
0 130
0 249
0 258
1 2
3 4
3 12
3 13
3 14
3 15
3 43
3 46
3 60
3 125
3 126
3 145
3 151
3 152
3 163
3 164
3 165
3 176
3 248
3 249
3 273
3 312
3 313
3 322
3 329
3 370
3 372
3 373
4 14
4 44
4 45
4 46
4 175
4 176
4 201
4 203
4 234
4 235
4 236
4 237
4 248
4 253
4 297
4 312
4 372
4 373
5 6
6 7
6 189
7 25
7 61
7 62
7 136
7 188
7 341
7 342
7 343
8 9
8 10
8 11
9 10
9 11
9 66
9 67
9 68
10 11
12 14
12 16
12 17
12 18
12 19
12 273
13 15
14 15
14 45
14 176
14 277
14 278
14 333
14 365
14 366
14 367
15 44
15 45
15 46
15 152
15 175
15 176
15 249
15 312
15 313
15 322
15 323
15 370
15 372
16 17
16 28
16 57
16 171
16 200
16 257
16 260
16 364
17 57
17 200
17 257
17 260
17 364
18 19
18 207
20 21
20 22
20 23
20 32
20 108
20 219
20 231
20 232
20 267
20 286
20 287
21 22
22 49
22 50
22 51
22 53
22 54
22 219
22 226
22 227
23 78
23 139
23 219
23 228
23 231
23 232
24 25
24 26
24 27
25 26
25 39
25 94
25 103
25 104
25 105
25 106
25 107
25 124
25 154
25 196
25 197
25 230
25 233
25 250
25 272
25 294
25 295
25 296
25 305
25 314
25 315
25 316
26 27
29 30
29 31
29 32
29 33
29 35
29 50
29 75
29 218
30 31
30 32
31 32
31 33
31 35
31 50
31 75
31 215
31 216
31 217
31 218
31 306
31 368
31 369
32 33
32 34
32 35
32 218
32 219
34 35
34 218
37 303
37 304
38 39
39 172
39 173
39 174
39 238
39 281
40 41
40 42
40 240
40 241
40 242
40 243
41 42
41 169
41 241
41 243
41 275
41 276
41 363
42 276
44 45
44 175
44 176
44 322
44 323
45 175
45 176
46 175
46 176
47 48
48 66
48 73
48 181
48 182
48 225
49 50
49 51
49 52
50 51
50 75
50 94
50 168
50 169
50 306
50 307
50 321
50 336
51 75
51 99
51 115
51 116
51 168
51 169
51 266
51 290
52 169
53 54
55 56
55 99
55 193
57 58
58 59
59 303
59 356
59 357
59 358
60 164
60 165
61 62
61 63
62 63
64 263
64 264
64 298
64 299
64 300
64 344
64 345
65 100
65 101
65 109
65 110
66 67
66 68
66 69
66 70
66 73
66 80
66 120
66 122
66 168
66 247
66 284
66 362
67 68
67 79
68 69
68 74
68 79
68 284
69 70
69 71
69 72
69 74
69 118
69 149
69 213
69 302
69 327
69 328
69 347
69 348
69 349
69 377
70 71
70 72
71 118
72 149
74 284
75 168
75 169
76 77
76 78
79 80
80 120
80 121
80 122
81 82
81 83
81 84
81 85
81 86
81 87
81 88
82 83
82 84
82 85
82 86
82 87
82 88
82 262
83 84
83 85
83 86
83 87
84 86
84 87
84 88
84 259
84 261
84 262
85 86
85 87
85 105
85 259
85 261
86 87
86 88
87 88
87 259
87 261
87 262
89 90
89 91
90 91
90 129
90 130
90 131
90 132
90 133
90 187
91 129
91 130
91 131
91 133
91 187
92 93
92 94
92 95
92 96
92 97
92 98
93 94
93 95
93 97
94 95
94 96
94 97
94 177
94 178
94 179
94 285
94 336
94 337
94 338
95 96
95 97
95 98
95 140
96 97
96 98
96 177
96 361
99 100
99 101
99 109
99 110
99 144
99 194
100 102
100 310
101 158
101 279
101 359
103 104
103 105
104 105
104 106
105 106
105 184
106 107
106 282
106 283
106 371
107 124
107 154
107 155
109 194
111 112
111 113
111 114
112 113
112 114
112 130
112 134
112 135
112 188
112 311
112 351
112 353
112 354
112 355
113 114
113 130
113 134
114 171
114 346
115 116
115 317
115 319
115 320
117 118
117 119
117 208
118 119
118 213
118 347
118 348
118 350
120 121
120 122
121 122
121 247
124 233
124 254
124 255
125 126
125 127
125 326
126 127
126 128
126 326
127 329
127 339
127 340
129 130
129 131
129 133
130 131
130 132
130 133
130 134
130 258
131 132
131 187
132 133
134 351
134 352
134 353
134 354
134 355
136 137
136 341
136 342
138 139
139 205
139 206
139 228
139 229
141 142
141 144
142 144
144 193
145 146
145 147
146 147
148 149
148 150
148 292
149 269
149 270
149 293
152 153
154 155
154 156
154 157
159 160
159 161
159 321
161 162
164 165
166 167
167 169
168 169
168 204
168 247
168 288
168 290
168 291
169 265
169 266
169 363
170 171
171 324
171 346
172 173
172 174
174 281
175 176
177 178
177 179
180 181
180 182
181 182
182 225
183 184
183 185
183 186
183 308
183 309
184 308
184 309
185 186
185 309
189 190
189 191
191 192
193 194
197 250
198 199
198 200
198 201
198 203
198 257
199 200
199 201
200 201
200 202
200 203
200 251
200 252
200 253
200 257
200 297
201 202
201 257
203 244
203 297
206 374
206 375
206 376
209 210
209 211
209 214
210 211
210 212
210 213
210 214
211 214
211 221
211 222
211 224
212 213
212 214
213 214
213 302
213 347
213 349
213 350
216 217
219 220
221 222
221 223
221 224
222 223
223 224
226 227
230 231
230 232
230 234
230 235
230 236
230 238
230 239
230 256
230 296
231 232
231 267
232 267
235 236
235 237
235 238
235 244
235 245
235 246
235 256
236 237
238 245
238 256
238 325
239 256
239 325
240 242
240 243
241 242
241 243
244 245
244 246
244 297
245 256
249 312
249 313
251 252
254 255
261 262
263 264
264 298
264 299
264 300
264 301
265 266
268 269
268 271
269 270
269 292
269 293
270 293
274 275
274 276
277 278
279 280
286 287
288 289
298 299
298 301
299 300
302 327
302 328
302 347
302 348
302 349
302 350
302 377
302 378
303 356
303 358
308 309
312 313
314 315
314 316
315 316
317 318
317 319
317 320
318 319
318 320
319 320
322 323
327 328
330 331
330 332
330 333
330 334
331 332
331 333
331 334
332 333
332 334
333 334
333 365
333 366
333 367
339 340
341 342
344 345
347 348
347 349
347 350
348 350
349 350
351 352
351 354
351 355
352 354
352 355
353 354
354 355
356 357
356 358
357 358
359 360
365 366
365 367
366 367
368 369
374 375
375 376
377 378
