0 55
0 90
0 105
1 117
1 177
1 193
1 199
2 50
2 110
2 184
3 25
3 125
3 144
3 179
4 43
4 54
5 9
5 128
5 136
6 38
6 50
6 102
6 146
6 181
7 29
7 32
7 37
7 58
7 79
7 114
7 162
7 185
8 76
8 81
8 138
8 163
9 27
9 98
9 149
9 171
10 12
10 17
10 19
10 79
10 136
11 17
11 93
11 139
11 146
12 39
12 101
12 178
12 183
13 32
13 39
13 56
13 97
13 181
14 81
14 97
14 108
14 145
15 66
15 99
15 128
15 176
16 64
16 65
16 98
17 62
17 64
17 125
17 131
17 133
17 164
18 58
18 60
18 61
18 64
18 91
18 198
19 44
19 46
19 50
19 152
20 51
20 160
21 62
21 84
21 153
21 155
21 173
21 178
22 43
22 47
22 76
22 84
22 136
22 168
23 46
23 67
23 101
23 109
23 173
24 30
24 162
25 62
25 72
25 160
26 56
26 69
26 85
26 126
26 130
27 38
27 127
27 144
28 173
29 41
29 49
29 82
29 104
29 132
29 142
30 45
30 79
30 115
30 149
30 158
30 162
30 190
31 45
31 96
31 199
32 46
32 71
32 83
32 150
32 181
32 186
33 47
33 98
33 130
33 132
34 131
34 153
34 160
35 101
35 127
36 45
36 52
36 181
36 186
36 192
37 55
37 98
37 164
37 187
38 108
38 191
39 42
39 47
39 95
39 121
40 119
40 125
40 135
41 42
41 50
41 72
41 73
41 101
41 141
41 167
41 168
41 176
41 177
42 98
42 128
42 150
42 176
42 188
42 193
43 94
43 119
44 53
44 71
44 92
44 94
45 87
45 126
45 134
45 174
45 178
45 179
45 196
46 50
46 74
46 163
47 127
47 161
48 69
48 134
48 194
49 52
49 53
49 62
49 115
49 167
49 194
50 51
50 89
50 102
50 162
50 178
50 184
51 56
51 112
51 161
51 168
52 64
52 111
52 196
53 56
53 95
53 168
54 57
54 58
54 77
54 151
54 185
55 60
55 88
55 199
56 182
57 98
57 145
57 155
57 172
57 174
58 169
58 179
58 194
58 199
59 62
59 136
60 69
60 78
60 153
60 177
60 185
61 96
61 106
61 123
61 169
61 186
61 194
62 65
62 80
62 82
62 85
62 165
63 176
64 133
64 198
65 71
65 108
65 122
65 125
65 199
66 102
66 124
66 163
66 176
67 93
67 121
67 152
68 122
69 84
69 92
69 135
70 74
70 80
70 105
70 127
70 130
71 100
71 127
71 147
72 93
72 131
72 138
72 147
72 168
72 185
72 195
73 104
73 134
74 118
74 194
74 196
75 134
75 165
76 77
76 112
76 123
76 190
77 118
77 172
77 183
78 177
78 196
79 100
79 128
79 181
79 196
80 81
80 186
81 104
81 115
81 145
81 166
81 185
81 191
82 85
82 101
82 156
82 173
83 93
83 100
83 134
84 86
84 92
84 167
85 144
85 168
85 170
85 181
86 99
86 116
86 142
87 104
87 120
87 128
87 141
87 150
87 166
88 94
88 105
88 135
88 141
89 197
89 198
90 132
90 148
90 156
90 187
90 188
90 193
91 166
91 196
92 118
92 181
93 96
93 99
93 188
94 117
94 166
95 108
95 137
95 148
95 151
96 125
96 148
97 133
97 167
97 171
98 108
98 191
98 194
99 103
100 174
100 179
100 181
101 150
101 175
101 198
102 128
102 196
103 122
103 143
103 163
103 198
104 128
104 136
104 159
105 110
105 153
105 198
106 119
106 181
107 157
107 193
108 138
108 197
109 150
109 153
109 166
110 123
110 165
111 123
112 118
112 123
112 160
112 162
112 190
113 123
113 129
113 136
113 168
113 188
114 117
114 147
115 126
115 183
115 192
116 127
116 142
116 150
117 141
117 156
117 177
118 145
118 183
120 132
120 155
121 142
121 179
121 197
121 199
122 187
124 171
125 133
125 142
125 178
125 197
126 141
126 176
127 131
127 151
128 161
128 190
129 152
131 150
132 134
132 171
132 187
132 190
133 187
133 189
134 144
134 182
135 160
135 169
136 169
138 153
139 172
139 184
139 190
140 143
140 151
140 161
140 167
141 146
141 162
141 169
141 175
142 145
142 160
143 144
143 153
143 179
143 181
143 191
144 166
145 171
149 152
149 176
149 178
150 160
150 165
150 168
150 189
150 193
153 194
154 167
156 174
156 192
158 173
161 165
161 190
162 165
162 172
162 177
162 198
165 170
165 180
167 183
167 189
168 199
169 194
170 173
171 188
173 192
177 196
178 181
179 191
182 190
185 189
186 188
186 193
187 198
